0.484 0.486 0.488 0.49 0.492 0.494 0.496 0.498 0.5 0.502 0.504 0.506 0.508 -0.518 -0.518 -0.518 -0.518 -0.518 -0.518 -0.518 -0.518 -0.518 -0.518 -0.518 -0.518 -0.518 24.750 22.000 29.500 22.250 26.750 20.000 24.250 20.750 25.250 30.000 30.750 21.500 30.250  4.131  3.841  4.912  3.733  4.465  3.708  3.865  3.363  4.161  4.743  4.684  4.272  4.657 
0.484 0.486 0.488 0.49 0.492 0.494 0.496 0.498 0.5 0.502 0.504 0.506 0.508 -0.516 -0.516 -0.516 -0.516 -0.516 -0.516 -0.516 -0.516 -0.516 -0.516 -0.516 -0.516 -0.516 34.000 23.250 26.500 22.250 29.750 22.750 29.750 24.750 23.250 32.500 25.500 29.000 28.250  5.136  4.265  4.345  4.206  4.828  4.008  4.630  4.131  4.039  4.873  4.062  4.690  4.750
0.484 0.486 0.488 0.49 0.492 0.494 0.496 0.498 0.5 0.502 0.504 0.506 0.508 -0.514 -0.514 -0.514 -0.514 -0.514 -0.514 -0.514 -0.514 -0.514 -0.514 -0.514 -0.514 -0.514 30.500 26.750 17.250 24.000 35.000 23.750 29.500 27.750 25.500 31.500 26.750 26.250 26.250  4.770  4.465  3.649  4.198  5.184  3.832  4.717  4.724  4.500  5.196  4.465  4.437  4.437
0.484 0.486 0.488 0.49 0.492 0.494 0.496 0.498 0.5 0.502 0.504 0.506 0.508 -0.512 -0.512 -0.512 -0.512 -0.512 -0.512 -0.512 -0.512 -0.512 -0.512 -0.512 -0.512 -0.512 31.750 20.500 23.500 33.500 38.500 26.000 31.750 23.250 35.000 33.750 28.500 24.250 30.000  4.737  3.984  4.387  5.292  5.523  4.730  5.117  4.265  5.362  5.031  4.458  3.865  5.123
0.484 0.486 0.488 0.49 0.492 0.494 0.496 0.498 0.5 0.502 0.504 0.506 0.508 -0.510 -0.510 -0.510 -0.510 -0.510 -0.510 -0.510 -0.510 -0.510 -0.510 -0.510 -0.510 -0.510 26.750 23.000 19.500 21.250 23.250 24.000 28.000 21.000 23.750 31.750 21.000 25.000 30.250  4.670  3.905  3.674  3.913  4.265  4.198  4.637  4.016  4.070  4.931  3.775  4.031  5.226
0.484 0.486 0.488 0.49 0.492 0.494 0.496 0.498 0.5 0.502 0.504 0.506 0.508 -0.508 -0.508 -0.508 -0.508 -0.508 -0.508 -0.508 -0.508 -0.508 -0.508 -0.508 -0.508 -0.508 26.380 25.630 24.380 24.000 30.380 31.130 27.750 37.000 29.880 31.380 30.750 25.630 28.750  3.180  3.150  2.945  2.806  3.403  3.291  3.122  3.733  3.170  3.300  3.312  2.918  3.162
0.484 0.486 0.488 0.49 0.492 0.494 0.496 0.498 0.5 0.502 0.504 0.506 0.508 -0.506 -0.506 -0.506 -0.506 -0.506 -0.506 -0.506 -0.506 -0.506 -0.506 -0.506 -0.506 -0.506 27.500 21.000 28.250 27.000 17.500 28.250 37.500 39.250 38.500 27.250 29.500 34.000 30.000  4.610  3.775  4.548  4.783  3.260  4.750  5.477  5.804  5.523  4.493  4.514  5.136  4.743
0.484 0.486 0.488 0.49 0.492 0.494 0.496 0.498 0.5 0.502 0.504 0.506 0.508 -0.504 -0.504 -0.504 -0.504 -0.504 -0.504 -0.504 -0.504 -0.504 -0.504 -0.504 -0.504 -0.504 22.250 34.250 25.750 37.750 37.000 36.000 30.250 29.000 41.250 32.250 32.250 24.000 29.250  4.206  5.056  4.409  5.573  5.454  5.408  4.854  4.486  5.890  4.763  5.321  4.416  4.395
0.484 0.486 0.488 0.49 0.492 0.494 0.496 0.498 0.5 0.502 0.504 0.506 0.508 -0.502 -0.502 -0.502 -0.502 -0.502 -0.502 -0.502 -0.502 -0.502 -0.502 -0.502 -0.502 -0.502 26.000 27.750 36.000 27.750 28.000 34.250 49.500 39.000 32.750 29.250 30.250 32.500 24.750  4.316  4.308  5.408  4.724  4.637  5.056  6.452  5.196  4.981  4.802  4.451  5.062  4.352
0.484 0.486 0.488 0.49 0.492 0.494 0.496 0.498 0.5 0.502 0.504 0.506 0.508 -0.500 -0.500 -0.500 -0.500 -0.500 -0.500 -0.500 -0.500 -0.500 -0.500 -0.500 -0.500 -0.500 35.290 28.760 31.760 22.760 36.530 37.590 45.000 55.240 51.000 27.000 31.760 22.240 21.710  4.139  3.534  4.101  3.362  4.355  4.180  4.686  5.413  5.184  3.445  3.985  3.264  3.162
0.484 0.486 0.488 0.49 0.492 0.494 0.496 0.498 0.5 0.502 0.504 0.506 0.508 -0.498 -0.498 -0.498 -0.498 -0.498 -0.498 -0.498 -0.498 -0.498 -0.498 -0.498 -0.498 -0.498 28.250 22.500 36.750 33.000 42.250 54.750 71.500 76.500 47.250 42.000 20.500 29.500 29.250  4.750  4.108  5.528  4.704  5.772  6.581  7.382  7.794  5.826  5.339  3.742  4.717  4.802
0.484 0.486 0.488 0.49 0.492 0.494 0.496 0.498 0.5 0.502 0.504 0.506 0.508 -0.496 -0.496 -0.496 -0.496 -0.496 -0.496 -0.496 -0.496 -0.496 -0.496 -0.496 -0.496 -0.496 29.290 27.530 30.530 28.760 51.710 53.470 78.180 71.820 52.590 32.470 36.880 34.410 31.240  3.993  3.668  3.870  3.664  5.118  5.178  6.267  5.930  5.102  4.016  4.369  4.043  3.781
0.484 0.486 0.488 0.49 0.492 0.494 0.496 0.498 0.5 0.502 0.504 0.506 0.508 -0.492 -0.492 -0.492 -0.492 -0.492 -0.492 -0.492 -0.492 -0.492 -0.492 -0.492 -0.492 -0.492 24.530 24.880 28.410 59.000 82.000 95.750 80.250 62.750 62.750 52.250 37.750 33.500 25.750  3.454  3.472  3.647  6.810  8.085  8.664  7.487  6.878  6.878  6.486  5.403  4.924  4.191
0.484 0.486 0.488 0.49 0.492 0.494 0.496 0.498 0.5 0.502 0.504 0.506 0.508 -0.490 -0.490 -0.490 -0.490 -0.490 -0.490 -0.490 -0.490 -0.490 -0.490 -0.490 -0.490 -0.490 25.750 39.250 41.500 54.250 81.750 98.500 70.750 51.250 54.750 71.000 42.000 22.500 36.000  4.191  5.804  5.657  6.418  8.363  8.246  7.420  6.149  6.290  7.237  5.679  4.108  5.408
0.484 0.486 0.488 0.49 0.492 0.494 0.496 0.498 0.5 0.502 0.504 0.506 0.508 -0.488 -0.488 -0.488 -0.488 -0.488 -0.488 -0.488 -0.488 -0.488 -0.488 -0.488 -0.488 -0.488 28.500 37.750 45.000 59.250 70.500 65.250 56.750 75.250 92.250 64.500 42.500 34.750 36.250  4.861  5.403  5.646  6.887  7.220  6.694  6.369  7.446  8.671  6.874  5.184  4.893  4.969
0.484 0.486 0.488 0.49 0.492 0.494 0.496 0.498 0.5 0.502 0.504 0.506 0.508 -0.486 -0.486 -0.486 -0.486 -0.486 -0.486 -0.486 -0.486 -0.486 -0.486 -0.486 -0.486 -0.486 32.000 33.750 37.000 59.000 56.250 63.250 68.750 87.000 93.250 67.000 37.500 29.250 36.500  4.650  4.841  5.099  6.671  6.047  7.163  6.960  8.239  8.482  7.228  5.303  4.802  5.256
0.484 0.486 0.488 0.49 0.492 0.494 0.496 0.498 0.5 0.502 0.504 0.506 0.508 -0.484 -0.484 -0.484 -0.484 -0.484 -0.484 -0.484 -0.484 -0.484 -0.484 -0.484 -0.484 -0.484 24.500 41.750 37.750 51.750 48.250 55.500 68.000 103.500 75.500 42.000 34.500 37.250 25.750 4.000  5.750  5.739  6.016  5.540  6.393  7.133  8.617  7.263  5.339  5.339  5.202  4.191
0.484 0.486 0.488 0.49 0.492 0.494 0.496 0.498 0.5 0.502 0.504 0.506 0.508 -0.482 -0.482 -0.482 -0.482 -0.482 -0.482 -0.482 -0.482 -0.482 -0.482 -0.482 -0.482 -0.482 35.000 27.500 43.750 48.000 46.250 47.750 70.750 72.500 66.750 49.500 31.000 28.500 22.750  5.362  4.402  5.836  6.093  5.783  6.005  7.420  7.159  6.887  6.000  4.596  4.458  4.008
0.484 0.486 0.488 0.49 0.492 0.494 0.496 0.498 0.5 0.502 0.504 0.506 0.508 -0.480 -0.480 -0.480 -0.480 -0.480 -0.480 -0.480 -0.480 -0.480 -0.480 -0.480 -0.480 -0.480 29.250 28.500 31.000 42.000 50.250 60.000 71.000 61.750 50.250 31.000 27.250 27.500 23.500  4.994  4.458  4.796  5.842  6.260  6.708  7.616  6.562  5.953  4.596  4.493  4.183  4.168
0.484 0.486 0.488 0.49 0.492 0.494 0.496 0.498 0.5 0.502 0.504 0.506 0.508 -0.478 -0.478 -0.478 -0.478 -0.478 -0.478 -0.478 -0.478 -0.478 -0.478 -0.478 -0.478 -0.478 20.250 40.750 43.250 34.000 53.500 47.000 68.250 53.000 41.000 25.500 24.500 32.250 28.750  3.326  5.190  5.815  4.950  6.605  5.895  7.336  6.295  5.635  4.287  4.228  5.142  4.576
0.484 0.486 0.488 0.49 0.492 0.494 0.496 0.498 0.5 0.502 0.504 0.506 0.508 -0.476 -0.476 -0.476 -0.476 -0.476 -0.476 -0.476 -0.476 -0.476 -0.476 -0.476 -0.476 -0.476 28.500 29.250 25.500 27.500 47.500 43.000 38.500 35.250 30.250 27.250 26.250 32.250 34.000  4.664  4.603  4.500  4.402  6.374  5.208  5.350  4.918  4.854  4.493  4.437  5.142  5.489
0.484 0.486 0.488 0.49 0.492 0.494 0.496 0.498 0.5 0.502 0.504 0.506 0.508 -0.474 -0.474 -0.474 -0.474 -0.474 -0.474 -0.474 -0.474 -0.474 -0.474 -0.474 -0.474 -0.474 29.000 39.500 29.000 27.000 28.500 34.750 42.750 30.500 31.250 25.750 30.750 24.750 20.250  5.074  5.895  4.690  4.583  4.458  5.081  5.629  4.770  5.093  4.409  4.880  4.131  3.597
0.484 0.486 0.488 0.49 0.492 0.494 0.496 0.498 0.5 0.502 0.504 0.506 0.508 -0.472 -0.472 -0.472 -0.472 -0.472 -0.472 -0.472 -0.472 -0.472 -0.472 -0.472 -0.472 -0.472 19.500 35.000 33.250 32.000 26.750 27.000 29.500 26.000 27.500 31.250 29.750 23.000 32.500  3.674  5.362  5.190  4.848  4.465  4.783  4.717  4.093  4.610  4.710  4.630  4.138  5.244
                                                                                                                                                                                                                                                                                                                                                           

