#F nifilm-tof-1.dat
#D 2011-01-20 19:33:56
#C Title: Simulated 100 A Ni film
#C Detector Angle: (0.3, 'degree')

#N 5
#L Q(1/A) dQ(1/A) R() dR() L(A)
4.407961417567833780e-03 3.882702766449441973e-05 9.473684210526315264e-01 1.799061815083602967e-01 1.492686886204714014e+01
4.496120645919190681e-03 3.960356821778431436e-05 1.229166666666666741e+00 2.389219433688503924e-01 1.463418515886974447e+01
4.586043058837575154e-03 4.039563958213999821e-05 1.285714285714285809e+00 2.448979591836734637e-01 1.434724035183308111e+01
4.677763920014326587e-03 4.120355237378279357e-05 7.358490566037735325e-01 1.552431380131154004e-01 1.406592191356184429e+01
4.771319198414613293e-03 4.202762342125846015e-05 1.076923076923076872e+00 2.073962386783654854e-01 1.379011952309984679e+01
4.866745582382905368e-03 4.286817588968361986e-05 1.177777777777777812e+00 2.387438549112574082e-01 1.351972502264690945e+01
4.964080494030563909e-03 4.372553940747730175e-05 9.523809523809523281e-01 2.104083575448897070e-01 1.325463237514402870e+01
5.063362103911174875e-03 4.460005019562683653e-05 1.371428571428571441e+00 3.048299243821607218e-01 1.299473762269022359e+01
5.164629345989399899e-03 4.549205119953939047e-05 1.230769230769230838e+00 2.653281533854081053e-01 1.273993884577472713e+01
5.267921932909187463e-03 4.640189222353018398e-05 1.612903225806451513e+00 3.687100461295853004e-01 1.249013612330855594e+01
5.373280371567370865e-03 4.732993006800077844e-05 1.294117647058823595e+00 2.954984886737448968e-01 1.224523149343976058e+01
5.480745978998718439e-03 4.827652866936080119e-05 1.199999999999999956e+00 2.297825058615211580e-01 1.200512891513702129e+01
5.590360898578692304e-03 4.924205924274800976e-05 7.592592592592593004e-01 1.112110889933834029e-01 1.176973423052649181e+01
5.702168116550265613e-03 5.022690042760295884e-05 9.775280898876403946e-01 1.473774202670587175e-01 1.153895512796714939e+01
5.816211478881272261e-03 5.123143843615503469e-05 8.390804597701149170e-01 1.331810830919386290e-01 1.131270110585014521e+01
5.932535708458897515e-03 5.225606720487813281e-05 1.027027027027026973e+00 1.677277210110304229e-01 1.109088343710798519e+01
6.051186422628075830e-03 5.330118854897570495e-05 1.276923076923076827e+00 2.114948852373640109e-01 1.087341513441959329e+01
6.172210151080637607e-03 5.436721231995521309e-05 7.964601769911504592e-01 1.125256702482304583e-01 1.066021091609763971e+01
6.295654354102249613e-03 5.545455656635431843e-05 1.080000000000000071e+00 1.498799519615615639e-01 1.045118717264474562e+01
6.421567441184296114e-03 5.656364769768141144e-05 1.126315789473684159e+00 1.587750161670814508e-01 1.024626193396543528e+01
6.549998790007981360e-03 5.769492065163504021e-05 1.009803921568627416e+00 1.410572085855977820e-01 1.004535483722101574e+01
6.680998765808141351e-03 5.884881906466774346e-05 1.000000000000000000e+00 1.393466028583235372e-01 9.848387095314720341e+00
6.814618741124303138e-03 6.002579544596108166e-05 9.306930693069307425e-01 1.333825978586176964e-01 9.655281465994825396e+00
6.950911115946789218e-03 6.122631135488031345e-05 1.121495327102803641e+00 1.491172497282149123e-01 9.465962221563554380e+00
7.089929338265725349e-03 6.245083758197790969e-05 1.000000000000000000e+00 1.235604126430430993e-01 9.280355119179954926e+00
7.231727925031041643e-03 6.369985433361749635e-05 1.134020618556700999e+00 1.579515579487500987e-01 9.098387371745051411e+00
7.376362483531662649e-03 6.497385142028983787e-05 9.200000000000000400e-01 1.188747239744429446e-01 8.919987619357893749e+00
7.523889733202295503e-03 6.627332844869563029e-05 8.571428571428570953e-01 1.066314324703112743e-01 8.745085901331268730e+00
7.674367527866341430e-03 6.759879501766954805e-05 1.007575757575757569e+00 1.237906549328866984e-01 8.573613628756145744e+00
7.827854878423669283e-03 6.895077091802293630e-05 1.037037037037036979e+00 1.057220788367500414e-01 8.405503557604063758e+00
7.984411975992141558e-03 7.032978633638338744e-05 9.499999999999999556e-01 9.624188277460078711e-02 8.240689762356925741e+00
8.144100215511982863e-03 7.173638206311105329e-05 9.292035398230088505e-01 8.906154673745693418e-02 8.079107610153849706e+00
8.306982219822223873e-03 7.317110970437329279e-05 8.937198067632849963e-01 9.042184817222340132e-02 7.920693735444949368e+00
8.473121864218668975e-03 7.463453189846075918e-05 8.957345971563981379e-01 8.970924772027197291e-02 7.765386015142107468e+00
8.642584301503041314e-03 7.612722253642996895e-05 8.894472361809044880e-01 9.189691685410464328e-02 7.613123544256968245e+00
8.815435987533103840e-03 7.764976698715857347e-05 1.047445255474452663e+00 8.847010338131580665e-02 7.463846612016634907e+00
8.991744707283765708e-03 7.920276232690175037e-05 9.422382671480143967e-01 8.128150528809922892e-02 7.317496678447681369e+00
9.171579601429441855e-03 8.078681757343977074e-05 9.787985865724381229e-01 8.272832756984775660e-02 7.174016351419295390e+00
9.355011193458030727e-03 8.240255392490857455e-05 1.012145748987854255e+00 9.080353767435657419e-02 7.033349364136563864e+00
9.542111417327190856e-03 8.405060500340675797e-05 9.541984732824427828e-01 8.436320061000573967e-02 6.895440553075061985e+00
9.732953645673735749e-03 8.573161710347488391e-05 1.067524115755627001e+00 8.424302338275305169e-02 6.760235836348099880e+00
9.927612718587209423e-03 8.744624944554438241e-05 9.034482758620689946e-01 6.287493631120769089e-02 6.627682192498137503e+00
1.012616497295895472e-02 8.919517443445528577e-05 1.070129870129870042e+00 7.585542997923863662e-02 6.497727639704056202e+00
1.032868827241813399e-02 9.097907792314436140e-05 9.038461538461538547e-01 6.431562840317869845e-02 6.370321215396133496e+00
1.053526203786649476e-02 9.279865948160726462e-05 7.274939172749391725e-01 5.529705924756002366e-02 6.245412956270719462e+00
1.074596727862382577e-02 9.465463267123940504e-05 8.948863636363636465e-01 6.940714790481117280e-02 6.122953878696783647e+00
1.096088662419630183e-02 9.654772532466420398e-05 7.560000000000000053e-01 5.152739077422802821e-02 6.002895959506650669e+00
1.118010435668022849e-02 9.847867983115748860e-05 8.433734939759036653e-01 4.838743527036451497e-02 5.885192117163382974e+00
1.140370644381383421e-02 1.004482534277806576e-04 6.842105263157894912e-01 3.995070665334059939e-02 5.769796193297433540e+00
1.163178057269011016e-02 1.024572184963362431e-04 6.978723404255319229e-01 4.099642163863084082e-02 5.656662934605327209e+00
1.186441618414391282e-02 1.045063628662629894e-04 6.760961810466761257e-01 4.003538440362393314e-02 5.545747975103261673e+00
1.210170450782679236e-02 1.065964901235882473e-04 6.345864661654135874e-01 3.949467365260658086e-02 5.437007818728687880e+00
1.234373859798332772e-02 1.087284199260600093e-04 7.042553191489361319e-01 3.573291696739031714e-02 5.330399822283027333e+00
1.259061336994299340e-02 1.109029883245812219e-04 6.117867165575303634e-01 3.037141003224648472e-02 5.225882178708850745e+00
1.284242563734185570e-02 1.131210480910728347e-04 5.822179732313575995e-01 2.967632499784326680e-02 5.123413900694950840e+00
1.309927415008869250e-02 1.153834690528943066e-04 5.328258801141769752e-01 2.787646560399161325e-02 5.022954804602893120e+00
1.336125963309046753e-02 1.176911384339522171e-04 5.683802133850630600e-01 2.940463683937272546e-02 4.924465494708718083e+00
1.362848482575227359e-02 1.200449612026312332e-04 5.302197802197802234e-01 2.725797251314846306e-02 4.827907347753646050e+00
1.390105452226732090e-02 1.224458604266838652e-04 5.147471910112360050e-01 2.339979625237202654e-02 4.733242497797691684e+00
1.417907561271266985e-02 1.248947776352175452e-04 5.167427701674277563e-01 2.442280200454531938e-02 4.640433821370285372e+00
1.446265712496692252e-02 1.273926731879218728e-04 5.357423409269441716e-01 2.542277552023498866e-02 4.549444922912044831e+00
1.475191026746626097e-02 1.299405266516803206e-04 4.398467432950191602e-01 2.202944565284932141e-02 4.460240120502004579e+00
1.504694847281558626e-02 1.325393371847139465e-04 4.338905775075987958e-01 2.174303526747034532e-02 4.372784431864710442e+00
1.534788744227189722e-02 1.351901239284082374e-04 4.239663629992992400e-01 2.056854539177220553e-02 4.287043560651676799e+00
1.565484519111733780e-02 1.378939264069764298e-04 4.314350797266514603e-01 1.677360041716212044e-02 4.202983882991839337e+00
1.596794209493968345e-02 1.406518049351159491e-04 4.094304388422035368e-01 1.641353605339957930e-02 4.120572434305724840e+00
1.628730093683847940e-02 1.434648410338182660e-04 3.981964878974845745e-01 1.625550807852583005e-02 4.039776896378161730e+00
1.661304695557524677e-02 1.463341378544946367e-04 3.720491029272898764e-01 1.552465579771516654e-02 3.960565584684472284e+00
1.694530789468675150e-02 1.492608206115845343e-04 3.593827775012444214e-01 1.559407231041256940e-02 3.882907435965169185e+00
1.728421405258048771e-02 1.522460370238162017e-04 3.402150537634408556e-01 1.400401381126526595e-02 3.806771996044282957e+00
1.762989833363209913e-02 1.552909577642925566e-04 3.156664068589243866e-01 1.272209840064006045e-02 3.732129407886552119e+00
1.798249630030474000e-02 1.583967769195783872e-04 3.304140127388535131e-01 1.322856745968541137e-02 3.658950399888776683e+00
1.834214622631083480e-02 1.615647124579699804e-04 3.159821065473769619e-01 1.300400035746961634e-02 3.587206274400761341e+00
1.870898915083705344e-02 1.647960067071293849e-04 3.047775947281713416e-01 1.279780306028643205e-02 3.516868896471334605e+00
1.908316893385379048e-02 1.680919268412719308e-04 3.065371024734982464e-01 1.330038419810836668e-02 3.447910682815034100e+00
1.946483231253087059e-02 1.714537653780973938e-04 2.561349693251533943e-01 1.110705179741692562e-02 3.380304590995130809e+00
1.985412895878149037e-02 1.748828406856593081e-04 2.545644235785080589e-01 9.126815771497530719e-03 3.314024108818755643e+00
2.025121153795711795e-02 1.783804974993725187e-04 2.478189749182115598e-01 9.181812234667182521e-03 3.249043243939956582e+00
2.065623576871625927e-02 1.819481074493599837e-04 2.390393744764032491e-01 9.094422265521415194e-03 3.185336513666624292e+00
2.106936048409058584e-02 1.855870695983472104e-04 2.248040313549831970e-01 8.779698980312044057e-03 3.122878934967278752e+00
2.149074769377239819e-02 1.892988109903141183e-04 2.251157407407407274e-01 8.933149962326799448e-03 3.061646014673802263e+00
2.192056264764784962e-02 1.930847872101204370e-04 2.127566622979467081e-01 7.507416744183102557e-03 3.001613739876276554e+00
2.235897390060080300e-02 1.969464829543227818e-04 1.956708101157308144e-01 7.081030545097195122e-03 2.942758568506153694e+00
2.280615337861282080e-02 2.008854126134093263e-04 1.863312555654496883e-01 7.014972417308113807e-03 2.885057420104072179e+00
2.326227644618508034e-02 2.049031208656775058e-04 1.705648720211827007e-01 6.637393860652428777e-03 2.828487666768698006e+00
2.372752197510878333e-02 2.090011832829910521e-04 1.552780930760499500e-01 6.381538698119158803e-03 2.773027124283037104e+00
2.420207241461095476e-02 2.131812069486509285e-04 1.527480371163454642e-01 6.472548594665948271e-03 2.718654043414742372e+00
2.468611386290317511e-02 2.174448310876238375e-04 1.522371771553292230e-01 5.648445403737375331e-03 2.665347101387002482e+00
2.517983614016124083e-02 2.217937277093763690e-04 1.461818181818181905e-01 5.519402835761398965e-03 2.613085393516668908e+00
2.568343286296446287e-02 2.262296022635638818e-04 1.303186414806334625e-01 5.301474016746366043e-03 2.561848425016342023e+00
2.619710152022375338e-02 2.307541943088351963e-04 1.211882746409600614e-01 5.170225913130107633e-03 2.511616102957197949e+00
2.672104355062823039e-02 2.353692781950118427e-04 1.149124572348561024e-01 5.077728095587692378e-03 2.462368728389409789e+00
2.725546442164079528e-02 2.400766637589121018e-04 1.148197596795727665e-01 4.941066703294174668e-03 2.414086988617068386e+00
2.780057371007360958e-02 2.448781970340903466e-04 1.069802731411229196e-01 4.739517063974999292e-03 2.366751949624577023e+00
2.835658518427508837e-02 2.497757609747722229e-04 1.073786407766990358e-01 4.805110816170600312e-03 2.320345048651545561e+00
2.892371688796058563e-02 2.547712761942676424e-04 9.199451947543550723e-02 4.434281457378135352e-03 2.274848086913280110e+00
2.950219122571980102e-02 2.598667017181530213e-04 9.432469843780898200e-02 4.517928322200206667e-03 2.230243222463999864e+00
3.009223505023419371e-02 2.650640357525160416e-04 8.203902827558741395e-02 4.204296754265465785e-03 2.186512963200000215e+00
3.069407975123887578e-02 2.703653164675663494e-04 7.312614259597806365e-02 4.234704040490327830e-03 2.143640160000000350e+00
3.130796134626365884e-02 2.757726227969176905e-04 6.981177031212770778e-02 4.218407464989800543e-03 2.101608000000000143e+00
3.193412057318893021e-02 2.812880752528560649e-04 6.462752836704489801e-02 4.119701476325679339e-03 2.060400000000000009e+00
3.257280298465271146e-02 2.869138367579131439e-04 5.953582240161452849e-02 3.989148264042766470e-03 2.020000000000000018e+00
